
Private Test Results:
Total cases: 5000
Valid predictions: 5000
Accuracy: 100.00%
400.79
148.94
402.78
148.36
405.5
138.5
404.53
201.24
193.23
268.52
166.41
129.13
224.81
385.13
231.86
395.73
387.98
322.97
387.91
378.16
297.02
125.46
190.16
220.56
391.41
205.84
200.71
241.84
175.08
382.21
276.93
285.56
282.29
178.43
233.0
239.57
295.28
132.31
377.0
291.81
129.56
197.86
241.41
330.11
119.66
129.18
396.41
175.98
330.01
266.36
380.35
354.36
164.34
384.69
351.47
302.23
391.15
278.11
122.34
389.37
124.16
247.12
256.76
174.81
389.23
340.71
272.73
384.21
397.89
394.99
265.03
316.82
129.71
401.31
238.32
371.21
144.53
295.15
288.61
218.73
242.97
236.59
236.89
148.78
321.13
391.37
175.87
256.31
174.93
262.7
194.53
266.95
369.1
171.12
283.8
327.28
304.06
208.24
338.88
287.05
1090.22
1583.3
1221.74
1735.64
1511.79
1031.91
1493.93
1590.8
1148.92
1491.94
1155.95
1571.77
1584.76
1602.78
1650.62
1532.49
1016.74
1145.94
1460.03
1171.35
1709.01
1628.59
1292.16
1444.19
1200.12
1641.7
1000.13
1152.69
1024.14
949.39
1538.29
1332.43
1289.7
1007.44
1499.11
921.04
1389.17
1554.94
1535.25
1169.8
1133.91
1400.12
1442.04
889.11
1311.0
1545.63
1661.43
1610.71
1063.26
1530.58
1019.38
1596.23
1398.15
1561.34
1448.58
1361.94
1489.15
1435.19
938.69
1148.05
1497.06
831.93
1401.13
1293.39
1546.19
1561.32
987.29
1053.64
1711.99
646.84
893.73
1149.16
1205.07
1402.8
1444.39
1598.01
1607.74
1106.98
923.52
1223.28
1584.42
1451.7
1377.3
1722.79
1328.44
1344.48
1227.09
1064.44
1322.75
1561.16
1598.33
1501.7
1233.65
932.21
847.58
1431.45
1268.44
791.07
802.51
1235.87
2244.76
1982.51
2180.6
1521.88
1840.23
2401.31
1738.46
1349.15
1395.08
2227.28
1903.79
1920.52
1998.63
1636.67
2204.75
2204.44
1981.47
1841.69
1916.39
2007.56
1387.66
2014.06
2490.64
2312.1
2206.88
1677.12
1815.19
2064.3
1666.53
2303.05
1074.07
1908.43
1746.93
2180.95
1357.14
2229.51
1582.06
1894.7
2107.33
1933.3
1690.94
1828.73
1384.12
1857.47
2226.79
2183.2
2047.05
2471.09
1999.3
2274.06
1705.04
1583.24
2114.0
1995.26
2346.24
1571.78
1778.98
1262.37
2084.84
1768.9
1918.93
2240.47
2304.37
1685.43
2018.32
2323.46
2237.68
1600.09
2107.34
2226.84
2033.36
2196.84
1810.78
1331.74
1164.95
1643.33
2317.69
1756.4
1846.01
1540.8
2146.1
1512.31
1972.65
2289.75
1881.81
2119.09
2265.88
1732.92
2274.56
1454.87
2148.03
1990.61
2139.23
2371.36
1612.62
1798.13
1627.4
2541.87
2016.59
2215.89
1624.66
1125.39
1303.68
1035.41
1295.88
973.42
1106.61
1405.47
1401.03
1715.56
1227.96
1305.02
1366.96
1229.4
1245.4
1018.31
1316.88
852.37
1240.03
1139.88
1630.39
958.17
1005.65
1460.56
1506.45
1213.53
1521.73
1648.09
1138.97
1215.24
588.21
686.99
830.15
1837.52
1400.59
969.63
974.66
624.3
1240.1
1344.46
705.24
954.73
1396.88
1630.12
1071.03
1269.86
1484.53
626.63
1146.22
1426.61
1777.62
1291.15
849.58
1420.75
858.07
870.87
1352.47
1462.22
785.45
826.17
940.77
1226.71
1801.65
1424.99
608.84
1657.93
1667.65
1079.82
809.98
1222.86
1302.3
1208.07
1470.33
1365.59
1443.69
1355.71
1353.85
810.37
951.29
1581.51
961.43
1269.48
1291.57
751.34
1476.57
1034.69
1834.56
499.92
1135.28
1541.4
883.48
1255.92
953.36
1312.29
1795.08
1361.84
1472.39
1102.0
1337.73
1672.78
1627.89
912.33
1485.04
1619.29
1118.68
887.09
1653.12
1178.44
798.1
1798.34
886.65
1310.12
1384.49
1090.14
1317.34
973.32
1778.19
591.24
1748.24
544.69
1365.06
869.14
1005.89
1137.09
1147.54
1189.14
1665.69
1126.94
615.64
1818.39
667.24
927.82
1615.19
1288.32
967.69
2016.27
919.04
1144.28
1197.04
1228.72
1232.84
1480.99
863.86
945.09
894.83
1598.39
573.86
1362.99
1811.04
822.1
472.34
528.39
622.85
983.08
1270.11
897.12
1134.43
924.64
768.92
964.51
1152.08
1092.08
1072.37
1021.34
1475.98
821.35
1204.03
1266.28
1298.21
606.43
824.42
1159.9
1341.13
1188.96
1003.54
1169.19
1255.74
1407.01
1236.0
736.95
871.53
959.72
541.26
626.28
1110.63
887.0
1482.1
1117.89
841.5
1470.74
814.55
580.77
775.61
998.56
711.0
605.35
1244.5
1101.06
1137.61
953.53
1173.69
1101.53
789.63
492.81
1202.36
496.83
1142.46
790.67
1103.82
667.32
1067.5
802.22
841.85
751.04
549.62
1051.59
868.93
1424.44
1077.67
780.33
1291.92
1054.85
1394.17
747.95
913.28
761.18
760.64
997.98
1238.95
682.44
865.23
1176.38
1019.98
837.61
547.55
999.39
1423.92
612.21
1326.66
767.29
1027.21
1200.69
1058.49
374.65
780.97
734.55
1353.89
1368.83
723.44
1118.68
1519.44
1402.03
1465.03
1781.02
1397.69
828.87
1181.88
1230.41
1589.75
1468.68
1322.53
1475.96
1541.24
1103.26
1488.97
1227.89
1148.14
1004.15
1560.11
1758.99
1014.97
890.33
1277.29
1833.39
1510.28
1224.52
1691.95
1172.07
1657.7
904.5
1110.42
1409.37
1020.18
961.94
1352.86
1531.52
1761.45
1504.5
1358.15
1746.8
1729.88
1513.2
1612.22
1756.73
1254.42
1505.63
1483.76
1731.16
1267.58
1403.95
1692.37
1160.29
1843.77
1458.05
975.61
1478.6
1248.68
864.01
1211.09
1538.55
1314.83
1623.72
1355.88
1801.65
1473.44
1290.11
1350.68
1439.23
1595.46
1006.54
1827.68
775.09
1442.73
858.69
1371.78
1441.29
1783.68
1139.68
1828.74
1312.94
1267.78
1109.91
1211.39
1521.82
1502.26
1110.86
1633.58
1466.4
1114.51
1656.84
810.11
1505.5
1125.57
1617.76
1608.1
1363.39
999.03
1715.82
1501.96
1182.27
1906.52
1889.55
2125.38
2012.86
1961.72
2209.7
2070.2
2100.27
1945.26
2032.5
2090.23
2046.13
2008.97
2120.65
2196.03
2144.08
2117.57
2072.7
2019.84
2117.14
2064.64
1991.25
1861.45
2020.84
2064.07
1995.89
1876.24
2025.41
1822.15
2001.47
2163.89
2044.04
2048.44
2090.12
1964.94
2185.71
1822.24
2165.69
2293.49
1818.29
1959.72
2160.39
2062.8
1943.32
1977.71
2223.36
1973.44
2185.89
2185.37
2062.78
1882.34
2082.32
1874.61
1952.91
2189.2
2130.16
1991.46
1968.6
1915.53
1869.32
1994.95
1994.89
1999.86
2056.87
2026.56
2154.47
2070.55
1925.63
2236.22
1827.63
2158.64
1885.94
1965.48
2112.86
2214.97
2042.94
1896.71
1971.15
2158.05
1903.55
2162.21
1813.98
2059.8
2276.08
1922.7
1912.0
2127.15
1826.11
1891.71
1977.61
1883.49
1998.38
2163.4
2005.12
2103.56
2082.87
2145.35
1934.14
1843.5
2075.04
1460.35
1256.08
1274.58
2684.36
1433.23
850.45
1584.69
1664.23
849.28
1877.94
2446.73
1644.43
2442.75
2384.68
1555.93
2571.51
2150.49
2057.38
2549.36
2109.05
1511.36
2512.1
2179.64
2382.02
2075.81
1801.55
1695.66
1295.5
2494.7
1783.93
2540.08
1773.36
2309.72
996.01
1620.62
2408.64
1110.42
2440.3
2088.4
586.04
2217.3
2070.55
1845.09
862.68
1290.08
2192.7
2723.09
815.53
2366.94
1590.4
2015.95
1522.78
1890.64
2410.0
2103.22
1791.73
1801.99
2062.08
1411.75
2811.02
1719.7
1658.92
858.77
246.76
1624.89
1250.59
1784.1
2519.6
1472.38
1288.28
2015.97
1403.6
1408.16
630.09
1716.91
1625.55
1795.12
1822.67
930.1
1988.03
1683.72
1486.58
1640.83
1837.6
848.74
2158.59
1599.59
2259.01
1204.77
2535.99
2258.09
1145.82
1938.47
1356.65
1478.29
1916.74
2366.2
1227.31
1056.74
1431.95
2201.6
2054.11
2112.79
2582.41
2259.98
2150.39
2142.58
1928.36
1360.08
2262.39
1821.31
1274.84
1512.61
1416.23
1469.11
1839.8
2054.26
1402.82
1925.61
1769.44
1088.63
2101.44
1774.12
1517.88
1186.95
2301.06
1601.35
1765.04
1556.53
2396.7
624.99
1574.69
1388.89
989.53
906.23
1629.87
1338.26
1108.9
2238.05
1168.81
1019.72
1342.28
887.23
2394.01
1371.23
2404.81
2391.91
1408.09
1144.67
2235.76
1774.77
2042.21
2375.02
2306.56
1714.79
846.26
1662.82
974.56
1522.69
2134.08
2611.27
1243.29
899.94
1474.97
2138.32
1918.31
1403.52
1700.63
1821.63
2369.96
2372.56
2840.06
1317.92
2469.78
1386.44
1479.3
2106.26
2871.47
2015.01
2190.1
1651.37
2551.29
2262.06
2151.16
2235.2
1551.32
680.93
1086.99
1005.3
2001.97
2575.02
2320.81
1505.7
1517.31
1211.89
1682.4
2060.51
2089.24
1279.79
2091.98
1511.14
1425.67
2686.53
1689.16
1294.97
2199.9
1514.15
1816.02
1764.43
2575.49
1508.43
2209.09
2144.48
1516.0
2355.2
2529.22
2573.36
2460.97
1711.74
1712.08
1363.12
2666.62
2074.0
2209.26
1360.98
1942.45
1203.42
866.06
1422.73
2189.18
1297.11
1792.85
1854.82
2045.39
2583.55
1584.5
2315.16
2573.73
2618.32
2318.22
1621.76
1778.94
2262.37
1576.64
2556.08
2247.93
1259.41
1926.55
2365.52
2230.53
851.09
1053.17
2484.14
2104.89
2201.15
2829.36
1665.19
2656.4
1945.14
2544.37
1701.39
2415.68
1158.27
1878.27
1884.3
1858.0
1357.6
1623.09
1695.97
2278.43
1804.38
1474.45
1711.45
2374.35
1163.84
1765.27
2325.7
2372.04
2436.26
1501.48
1188.65
1579.66
1057.01
1400.01
1522.21
1288.59
1855.07
1200.02
1595.07
1788.46
1822.61
1320.45
2623.77
1620.31
1420.73
1862.41
929.11
1900.72
1491.73
1896.45
1294.35
1975.16
1141.8
2878.8
1450.21
2135.94
2329.99
2010.75
1631.95
2600.72
2497.58
1644.39
1528.37
1841.12
2076.35
1281.91
2201.02
2301.47
2440.11
1671.16
1635.07
2302.66
1012.2
1845.74
1465.33
1655.16
1443.83
1748.74
2317.16
1229.23
1987.17
1797.1
1893.87
2079.04
1670.87
888.24
1675.35
2518.55
2398.06
1133.97
2403.85
1488.21
1352.33
1894.07
1839.52
1566.93
465.98
1437.8
2486.45
2366.97
1449.26
1274.52
2456.35
1409.11
2128.9
2495.14
1964.94
1701.11
1445.99
2528.73
2233.26
2321.11
2075.79
2196.83
1659.5
1706.45
2208.43
1164.61
2471.11
1956.62
1489.61
1873.54
2667.1
1041.77
1924.88
1448.57
2267.65
2032.14
1683.96
1713.59
1451.61
2363.87
2108.05
1606.8
1140.18
1391.66
1525.23
1472.43
2213.04
2283.97
1515.72
1754.78
1620.11
1420.74
1898.03
1515.07
1927.51
2513.64
2388.86
1223.53
1798.11
1856.76
393.25
2734.47
1402.6
1784.45
2088.85
1876.62
2460.41
1135.52
1025.66
1968.46
1105.9
2508.28
1908.67
2252.12
707.82
1436.92
1734.91
1885.76
2126.87
1617.77
1834.59
2182.29
1617.38
1963.59
2194.85
1520.0
2649.02
2372.32
1017.38
2138.19
1034.29
1973.54
2403.92
2299.96
1210.88
1467.64
1884.02
1655.87
2460.68
1514.93
2046.29
2179.55
2410.64
2610.19
2501.31
1935.84
1808.16
1463.06
1814.48
1909.61
1656.53
1705.47
1032.73
1081.23
2101.34
1197.4
2417.49
1637.25
2227.52
799.29
2343.72
1939.01
2173.9
2462.89
564.83
1502.52
2242.19
716.42
1775.84
1633.76
1471.09
2338.96
1369.4
2473.41
1325.38
1746.65
1063.57
1617.74
1566.96
1934.74
1515.25
2012.32
2154.92
739.13
1519.96
997.89
1546.28
1811.17
972.01
2037.92
1093.8
1447.7
1750.41
2126.02
2181.86
2545.64
2113.05
1395.57
2349.26
2153.98
1495.17
1400.79
1134.61
1756.5
1781.19
1664.08
2065.47
2403.46
1774.14
796.8
2171.24
1658.04
1872.64
1846.33
2552.31
1477.02
1798.47
1212.84
1682.07
1375.29
1266.16
2217.51
1389.38
2327.23
2234.47
1385.19
1615.27
1918.11
1141.34
2181.42
1282.55
1334.34
2112.3
1491.09
2327.66
1318.44
617.92
1790.02
1602.68
2490.69
1909.39
2218.95
1372.09
2311.1
1962.6
1928.84
1447.4
1702.41
2419.11
1400.42
2197.63
1488.13
2325.19
2733.23
2715.15
2407.89
1282.88
1140.88
1622.43
1665.32
1724.01
1609.71
2542.32
1881.8
1045.04
1719.28
1942.59
1713.12
1675.29
1175.79
1716.03
1576.64
1086.98
1408.17
1189.23
1812.14
1305.54
1306.4
1783.25
1778.79
1843.44
1883.93
1344.22
1753.04
2147.09
937.43
1774.31
1127.26
796.05
1371.92
1196.01
1422.87
1325.97
2407.01
1730.75
2147.74
1322.19
1999.76
1621.83
1830.66
1265.77
1695.77
2889.43
2264.41
1797.17
1777.15
725.68
2298.38
1645.68
1879.07
1307.33
2182.58
1991.3
1655.8
1651.67
1750.52
1411.81
2317.3
2702.74
2527.09
1492.39
2091.2
2274.13
2014.09
1626.03
1007.22
2160.6
1594.95
2352.91
1406.36
1715.45
2375.75
1858.62
1358.42
2526.71
1871.97
2083.39
1089.61
1438.17
2502.63
2171.23
2194.86
2433.06
1742.7
1504.19
2538.94
1499.67
1673.76
1794.78
1596.88
2149.47
2311.38
1283.9
865.98
2207.13
1658.31
1835.8
570.43
1339.78
1443.39
1273.6
2446.64
1205.13
1799.76
1976.58
2280.22
1776.74
2412.99
2193.05
1563.09
1805.59
2391.76
1654.93
2255.5
2149.32
1667.25
959.8
1836.33
1609.72
1358.89
1726.07
2336.09
1822.96
1287.6
2112.52
1458.32
1865.94
2289.93
1261.74
2496.55
1473.67
2469.02
1026.8
2026.14
1669.24
2796.76
1358.37
1470.2
2442.24
2303.27
1677.87
1139.48
1460.13
2347.66
1721.31
2248.35
1390.4
614.43
1994.01
1608.2
1364.97
1575.44
2530.98
1269.87
1405.25
2203.65
1913.88
828.22
2111.57
1533.38
1391.4
2007.04
1673.33
1221.89
1764.68
1584.8
1782.42
1700.94
2546.06
1719.63
1200.07
1228.35
1586.26
2291.49
2011.66
1514.05
1607.24
752.73
2271.19
1634.59
1019.1
1354.03
2355.67
2255.58
2132.86
1607.59
2169.51
1037.67
1988.69
2545.36
1073.35
2525.23
1734.83
2120.09
914.16
969.77
1553.4
1616.05
2605.52
1548.59
2702.64
1696.49
1514.78
2081.21
1292.1
1531.92
2644.17
2301.66
1013.1
1242.53
978.85
1231.09
1225.89
1418.15
2203.77
1705.24
1844.74
990.16
1281.78
865.18
2062.04
1282.37
2095.36
1678.45
2675.51
2184.53
268.83
1668.2
1220.99
1148.09
1643.58
1810.52
1565.7
2232.89
2662.12
2305.9
1169.96
548.86
1757.61
2000.36
1816.29
1832.57
1282.24
2000.32
470.9
621.64
2077.55
1982.23
790.79
975.31
1260.12
1746.57
1847.53
1423.13
2290.97
509.92
1452.11
1094.14
1701.45
2121.12
2306.87
2061.73
1885.83
2295.06
1482.94
2465.87
1382.02
2245.37
1629.32
1694.06
2112.3
1443.06
1959.47
1991.76
1658.33
1839.25
2075.66
2427.85
1553.33
1631.68
1343.84
1496.42
1636.44
1892.96
1746.24
1674.75
2198.46
2766.1
2180.18
2514.34
628.72
1477.26
1486.4
2753.25
1688.34
1170.1
1577.41
1200.47
2321.75
2478.65
2319.77
1809.07
2173.27
1770.15
2855.47
1942.41
860.0
1428.48
1457.53
1378.59
1672.52
1702.22
1575.42
2001.25
1958.6
2247.93
1571.91
1075.42
1438.61
2019.92
1084.21
2045.96
1803.99
1794.6
663.14
1139.81
1584.49
1436.75
2004.44
1550.94
2091.2
2192.11
945.62
2014.68
1428.09
2048.02
1580.75
1270.42
1905.67
1566.04
2413.16
2644.82
2514.38
1726.54
1409.72
2024.94
1967.47
1602.93
1814.96
1895.32
784.79
1863.56
2196.22
2391.96
1889.65
1296.22
1295.31
1410.1
1185.18
2322.09
1087.2
442.82
1264.07
892.99
1588.98
1411.04
1419.67
853.46
1376.71
1932.03
1457.99
1027.84
2019.83
1820.94
1376.46
2408.64
2536.24
1692.96
1974.37
612.4
1600.69
1740.71
1178.71
1550.47
1588.61
1343.02
2542.85
1606.04
1701.44
1062.79
2595.98
1229.84
2312.11
1632.24
1410.32
1690.8
2162.54
874.65
1632.84
696.76
1473.27
1853.2
2584.99
859.14
2244.77
940.25
1873.56
1717.49
1469.31
2460.07
1514.99
1655.88
2139.72
1441.79
1073.49
1428.06
2466.51
2364.4
1589.65
2028.79
2794.88
2197.35
1370.89
1707.3
1836.06
1276.33
1715.72
1758.3
1760.83
1915.68
1866.62
2155.33
2179.38
1795.9
2305.61
2443.14
2306.41
1448.7
1139.77
1710.81
2498.64
988.43
2202.55
1536.41
1594.3
2253.11
2214.38
2436.53
1910.76
1716.07
1972.14
1537.87
2151.96
2047.1
2750.0
746.13
1507.22
1606.04
1969.34
1767.16
1825.87
2504.11
1736.1
1241.01
1390.17
1963.19
1879.87
789.57
2050.44
1037.26
1199.28
2381.16
1628.53
1627.43
646.87
2133.74
1797.56
2571.07
2596.16
1814.89
1853.54
1742.76
2621.88
1840.58
1664.46
1163.97
1304.17
1630.76
1068.08
2205.32
2218.08
1457.22
2604.55
2225.84
2034.84
1922.27
1263.82
2583.12
1941.02
2682.23
891.61
1597.38
1331.41
1816.1
2066.67
2172.71
1979.92
2476.14
2114.12
1491.48
1698.43
1804.57
1798.7
2411.65
1550.63
1491.39
1116.9
2140.69
2130.72
1813.91
830.07
1568.75
1586.0
1141.14
1215.34
1322.75
523.5
1354.22
1364.26
1841.97
1114.28
982.84
1239.26
2236.6
619.67
1002.21
2202.02
1914.62
1935.81
2341.83
1895.97
1984.43
1745.53
1813.81
1787.43
1301.38
2349.31
2102.25
1517.99
963.17
1627.34
1635.77
1519.86
844.72
1678.21
2226.76
1852.03
1518.83
1689.87
1552.81
2447.28
2555.99
1520.06
1539.31
2446.06
1124.87
1469.55
1553.48
1730.68
1178.17
1248.95
2109.39
1966.31
2142.87
1680.85
1928.34
2126.7
1755.23
2576.93
2283.74
2401.76
1773.04
1332.9
2333.19
1469.61
1682.51
1831.01
1510.1
1753.47
1455.82
1763.59
774.26
1924.17
2269.88
1124.99
1071.12
1523.32
1831.49
2072.4
767.69
668.55
1985.45
1951.74
2229.28
1746.41
2769.62
2352.98
2435.56
1648.82
1612.55
1370.54
1483.26
1756.42
2122.54
879.29
1754.79
1045.26
2196.87
2282.1
1382.3
2142.69
1331.34
1651.65
2429.82
744.93
1582.63
1313.26
2062.12
2111.8
1635.04
787.56
1527.2
2112.11
228.78
894.41
2003.66
1893.93
1148.61
1651.79
2014.39
929.44
991.65
1893.38
2343.66
1816.42
2043.75
2654.09
1373.5
2156.8
1856.89
2126.85
2062.55
1708.63
1822.28
2583.15
1101.31
2248.94
1444.84
2155.41
1682.22
872.72
1788.62
2201.25
1727.09
974.98
1537.62
2415.76
1648.38
1472.76
1560.31
1821.03
1749.04
2207.7
2233.95
674.13
355.66
1126.76
1811.62
2430.28
2148.05
1984.75
1645.25
2595.53
2400.22
2374.29
861.54
2464.61
1970.45
1810.45
2240.23
2556.75
1468.03
2466.39
1566.93
1751.38
1608.19
1197.1
1759.26
1693.26
1918.63
1580.76
2036.01
516.74
2371.47
1532.66
1429.86
770.38
1013.12
2486.46
2075.22
2517.45
1555.21
2676.97
1376.71
1234.25
2227.29
1925.09
1357.47
975.38
1223.75
1977.34
2134.6
1733.34
898.19
1627.84
1017.95
1211.38
2499.31
1475.73
1682.89
1300.16
1850.51
2078.57
2295.39
1420.18
1556.94
2493.65
1899.12
719.09
2624.78
2138.5
2244.27
2372.56
1168.42
1192.51
874.11
2156.57
2279.67
1350.72
1769.98
2587.35
649.78
1293.89
1007.87
2152.03
1661.63
2235.85
1229.79
1828.58
1985.51
2053.27
2502.02
940.66
2342.11
1404.8
1841.76
1049.09
2319.56
1815.49
2451.66
2436.03
939.2
1851.62
1257.82
2550.09
2148.43
1773.23
1958.43
1163.72
1061.63
1451.9
1280.41
1531.85
1597.99
2385.74
1585.43
1874.65
1586.37
2102.0
1373.75
2239.68
2340.9
1830.29
2427.1
2190.29
2253.87
1508.94
1583.39
1439.77
2551.23
2138.3
1312.99
1731.09
1810.28
1952.12
2046.48
1799.11
2340.44
1384.98
1549.77
1854.89
2319.83
1182.39
1840.61
1119.93
2372.82
2345.39
712.65
2046.97
2745.32
2521.98
1532.91
1629.0
888.28
1394.09
2338.28
1791.75
1790.7
1491.16
1195.56
1561.37
2031.08
1468.95
2400.01
1424.33
342.81
1598.98
1890.31
2482.64
1784.88
2068.69
2416.5
1299.83
1722.7
2024.36
1806.93
1377.57
2003.95
1429.3
1978.98
1722.63
2001.67
2121.42
1502.26
1139.23
626.68
1863.97
1201.58
1858.06
1120.39
1256.91
1611.39
1714.62
1519.73
1297.01
2425.79
1132.63
2710.41
1287.34
962.08
2165.96
1260.1
1911.91
2647.53
1348.35
2635.86
2570.21
2265.84
1309.13
690.42
1213.25
1699.05
2279.08
837.8
2317.88
2499.95
1500.29
2254.84
1294.12
964.87
1741.95
1129.26
272.11
1248.74
1893.94
2312.73
2315.89
2628.01
1804.62
2277.73
1956.11
1441.04
1669.07
1966.03
1173.25
1642.61
1662.6
2638.49
1842.17
2214.81
1302.51
2149.27
1893.78
1501.01
1567.2
1247.01
2646.59
1413.11
2244.23
2702.75
856.14
2442.92
259.34
2573.5
1315.05
2420.59
2232.79
1076.92
2456.85
2540.94
1709.56
1859.99
850.33
1600.27
2269.08
1632.81
1557.14
2481.7
1262.75
2301.1
1948.12
1426.24
378.52
2574.37
577.42
299.24
1900.79
1473.74
2273.89
1753.9
1719.29
2446.18
1651.82
1744.5
2056.74
1845.23
1589.4
2399.48
1132.78
2083.24
1459.01
1560.2
1989.13
1997.03
2207.33
1147.11
1486.6
1645.04
2471.77
1184.49
745.33
1376.82
1513.25
1412.28
1286.24
2035.45
1630.42
2410.64
1049.23
2364.12
1035.98
2381.28
2498.24
1834.47
1327.67
1757.99
1196.69
2568.28
1686.04
1151.93
2255.52
1008.78
1367.66
763.04
1017.11
560.47
2137.28
2695.76
2284.24
2235.03
1414.8
845.34
1830.78
2418.75
1423.76
716.84
1709.79
1841.91
777.34
1367.85
1012.3
1087.22
1508.96
2290.29
1316.64
783.38
1192.52
2688.97
1662.15
2467.14
2732.81
1393.19
1680.91
2750.1
1265.58
1447.49
1434.35
1958.97
1707.31
2135.51
1252.59
2346.71
2168.08
1838.9
1142.06
2617.55
2076.01
1759.45
2272.66
1625.96
1603.88
2378.8
2113.39
1338.86
1660.8
2175.99
1497.99
857.36
1723.63
984.09
1047.5
389.35
1657.65
2590.52
2275.87
1542.72
1926.31
1962.52
2027.12
1758.0
1475.13
1449.94
978.59
2179.49
2124.44
1565.82
1862.21
1269.36
2361.57
2432.95
2083.22
1108.46
1401.45
2016.78
2717.46
1595.78
1452.76
1724.77
1299.0
1315.57
2656.35
1917.7
2156.03
1933.09
1245.38
2504.79
1483.69
2253.38
1667.56
2020.21
1455.24
1754.16
1720.52
2149.62
1612.94
1802.85
1885.97
1482.29
1417.4
1209.67
2148.59
2212.77
1821.5
1354.81
1669.97
1461.67
1318.42
2285.11
1064.91
2252.35
1183.23
1725.68
817.4
2193.06
1203.96
912.19
440.2
2458.84
2011.6
882.65
1461.74
2508.42
2156.82
1452.72
2572.25
1798.01
2124.06
1765.96
1529.18
2436.36
1696.96
730.83
2488.63
1821.34
1877.26
2025.3
2736.17
1935.29
2182.45
2239.02
1509.69
1416.31
1644.45
1582.34
1786.99
1427.93
2817.87
1967.34
1760.63
2068.88
1997.8
1526.63
2614.59
1439.58
1495.79
1516.05
1815.02
2252.73
975.17
1967.85
1391.08
2887.85
2108.35
1196.35
2171.78
2304.03
2368.57
2041.61
1495.19
1393.69
2208.58
573.5
2813.36
2601.14
2692.46
1994.88
2310.47
1716.4
1601.72
2567.42
531.38
1951.32
1445.65
1160.09
2646.02
1918.69
1471.07
1819.23
1958.56
2146.43
1651.87
1961.37
2166.45
1894.09
1053.83
1724.97
1401.88
1383.24
733.4
1109.26
985.2
1946.19
1010.5
1589.43
1224.98
1708.89
2097.88
2306.89
2056.99
2483.56
1588.99
1357.32
2116.76
2684.33
1063.59
731.71
1511.92
1925.07
2291.72
1908.71
2128.98
900.83
787.28
2307.34
1175.45
2122.47
1261.69
2742.35
1780.19
1812.44
1516.02
1689.9
1414.7
2091.25
2664.61
1521.59
2133.41
1603.59
1733.56
2196.12
1800.46
2760.46
1805.69
2029.64
1398.84
2574.71
1274.86
1067.02
1664.59
1431.88
1947.99
1562.68
1847.28
1916.73
2421.15
2026.56
1907.71
1805.94
1394.75
1730.1
791.68
2127.03
1895.94
2700.81
2549.15
882.22
637.53
2044.72
2598.5
1142.41
2508.84
893.55
1363.5
1409.95
999.33
2442.07
1563.36
1021.53
2364.46
2101.9
1492.43
1257.7
1026.38
1701.97
2059.68
2632.86
1967.06
1829.94
1913.65
1549.65
2565.64
2319.43
2220.74
2411.72
598.6
2044.97
1728.56
2333.16
555.99
927.86
2342.65
2323.31
1976.74
1357.97
1728.5
2649.27
2426.1
1640.68
2159.66
1987.67
1357.07
2301.03
1801.8
1818.92
1565.57
1247.48
916.11
2283.4
2546.52
1908.0
2493.88
2647.58
2696.11
1985.54
1827.67
1014.19
1204.01
1513.98
962.98
1553.68
1871.31
2180.64
1270.38
2319.35
1910.86
2210.03
2209.84
1596.43
2020.3
809.94
1007.48
660.25
1650.53
1449.01
2185.18
1975.8
2302.93
1762.75
1660.43
1554.38
534.01
1177.58
2148.28
1648.03
1877.81
1080.29
1116.78
1472.03
1256.04
1691.21
1697.41
1106.43
1733.12
1697.41
2408.61
1150.83
1480.85
702.81
973.23
2286.7
2129.76
2309.52
1690.21
2114.62
1857.76
2027.77
2661.72
1478.41
2223.11
1745.86
2042.95
1240.33
1650.87
1967.23
358.29
2458.47
2557.16
1806.51
1564.68
1476.09
1848.86
1271.67
1980.88
1667.64
1840.63
842.95
1999.01
2215.28
2313.28
1094.99
1945.63
2482.24
628.57
2284.19
2142.69
1223.94
1510.68
2348.38
2234.09
1121.55
2104.7
1412.73
1152.65
1561.22
2371.39
1621.09
1243.5
2763.21
1755.17
1384.73
2386.82
2337.74
1453.74
1244.85
1876.57
1203.69
789.13
1826.12
1430.68
701.99
2087.71
489.93
1735.21
1395.71
1819.63
2110.43
2207.8
1600.56
1604.8
700.86
1301.44
1748.93
2458.88
1419.29
1779.08
2368.51
2175.92
1617.31
1820.6
1580.92
2017.05
412.0
2648.52
1760.61
1197.41
900.71
725.48
2541.03
1807.41
1445.11
2351.66
2333.21
1807.41
2250.72
1938.82
1156.72
2065.4
1692.6
2255.99
2210.81
1981.38
2560.06
1532.68
1824.66
1323.72
1711.72
2035.48
2443.43
1635.74
1168.69
2196.95
1546.32
1780.37
1791.0
1680.43
1664.88
1183.55
1600.81
1293.74
2850.41
1235.16
2035.4
2187.57
1864.63
2453.24
1418.9
1547.86
1656.88
1996.72
1659.68
1109.33
1545.71
1726.34
1457.89
2389.9
1737.82
1225.9
1224.93
1119.81
1556.15
2793.7
1685.32
1165.24
2607.43
1628.15
2297.51
2850.71
2328.57
2195.92
1794.05
1839.26
1153.32
684.2
2028.68
2380.63
1960.64
1766.47
2656.9
1797.33
2443.86
1448.24
1644.43
1249.21
1930.67
2133.1
1744.01
1242.95
2271.25
2121.11
1496.51
2644.18
1487.08
2627.06
2608.47
1190.35
1011.2
1769.59
2099.99
2259.08
2124.56
1302.57
2592.3
1991.06
2490.39
1567.33
1751.93
2616.33
550.51
967.84
1524.32
1188.05
1964.23
1990.73
2372.9
1138.19
1457.62
2107.21
1178.0
2346.64
2146.97
1586.17
1162.14
2126.76
1808.56
1741.95
1556.25
2609.99
1818.81
1534.44
1262.75
1503.46
1890.8
1806.98
1741.97
617.45
1192.79
1568.61
1273.2
1635.4
2249.1
1949.44
2449.89
2452.89
2218.07
1783.08
2005.68
1596.91
2234.43
2125.27
1856.25
2570.33
2796.99
2161.15
2235.38
1619.28
2063.84
2163.85
1900.11
1423.14
2490.5
2064.69
2180.24
1191.86
2121.01
2727.66
1765.68
2319.58
2063.17
2544.65
1051.74
1985.44
631.51
1206.86
2175.42
1204.85
1559.8
2186.5
2201.6
2383.82
1996.53
1731.86
1243.76
1978.05
2854.95
2108.06
1839.88
2527.4
1582.33
1644.55
2127.36
1603.38
1575.5
1642.28
1649.26
2547.13
2591.07
2387.58
1576.55
1044.66
2756.16
1722.1
2005.02
1395.21
1960.74
1187.2
1268.29
1218.18
1685.85
1595.43
2123.45
1366.88
2095.45
2162.91
1896.28
2729.18
2382.95
535.43
1336.06
1072.44
1441.87
2357.84
1306.12
2289.99
2447.46
1057.32
1347.93
2602.52
2413.06
1894.85
2125.82
564.35
1091.94
1454.01
1816.38
1894.7
1783.06
1813.69
1813.67
1559.0
2046.52
801.03
1870.9
2037.21
2460.91
2234.6
2399.55
1584.58
1460.66
1254.3
1979.32
1074.66
1466.74
1536.47
2173.74
1071.55
2451.43
2540.28
1436.87
2150.67
1140.37
1839.52
1853.55
1395.91
2358.74
2039.13
2116.52
1812.24
1646.88
1727.42
1540.32
1939.63
1667.05
2414.85
2019.76
1281.74
1194.76
1842.24
1161.38
2420.41
1230.18
1208.24
1908.65
1671.17
1132.72
1166.18
1617.89
1249.15
772.03
993.81
419.67
1378.11
2600.63
691.41
2195.93
2218.59
2268.14
1858.86
2352.8
2474.2
1184.33
1461.38
2391.61
1842.92
2415.18
1365.91
2191.18
2191.38
1416.8
1399.18
1317.59
2221.72
1716.55
1691.55
1387.6
2418.15
1166.97
1092.05
1522.94
1913.18
1327.07
1309.03
1135.46
1121.19
1514.98
1180.18
1392.5
371.46
1707.72
1692.99
1276.83
2433.24
1095.14
2382.15
1791.95
2304.13
2485.35
1643.32
1649.64
2359.8
1841.56
2102.01
940.63
1807.54
1302.22
2309.31
659.68
1630.43
1878.91
1853.69
2361.05
1493.16
1288.72
1969.26
1768.87
2932.54
2041.48
1613.74
2434.64
1813.15
964.18
2274.93
1620.79
2439.14
1027.64
381.79
1269.21
1269.27
2224.66
2279.22
1224.07
1559.2
1925.62
1457.32
1415.8
1844.14
2132.54
2077.05
2753.05
1237.59
1661.46
1090.03
2430.74
1690.03
1572.11
1283.47
2372.41
1669.82
1272.99
2581.56
1806.28
1318.39
2158.85
2136.53
2098.29
2758.33
1758.66
1695.95
1727.04
1701.61
2028.79
1712.59
2278.97
1571.05
1674.62
1789.04
2389.89
2478.51
2605.89
2623.43
1157.06
1514.61
1809.58
1609.09
973.62
1053.78
1189.08
2377.66
1389.8
1466.88
2461.84
1132.18
1641.08
2102.67
1897.8
685.99
1342.66
2323.02
1971.67
911.61
1072.58
2599.09
2156.28
1886.28
2492.77
1541.12
776.12
2397.78
1777.07
1562.03
2530.8
1685.59
2448.72
1229.2
2204.09
1847.36
2001.25
2030.39
1420.23
2034.3
1274.64
2416.44
2356.35
1671.41
2217.25
1841.06
1991.17
1198.52
1120.47
1474.62
1626.12
2378.62
1262.07
2531.62
1680.08
1441.64
2090.66
2039.06
1522.62
1247.57
2492.02
2656.63
1511.37
1357.03
1255.43
1473.07
2774.31
1054.67
2143.9
1960.25
2420.12
1660.42
2468.11
979.18
1856.87
1385.06
1714.2
2097.18
1064.73
1211.62
2167.61
1295.88
2547.42
1738.83
2293.01
2116.84
1614.63
1918.05
1476.53
2708.01
1750.76
1975.91
1622.39
1143.84
2564.79
2194.34
1581.52
1008.75
1397.63
2661.51
1660.26
2017.75
2524.45
1325.24
1598.94
2425.05
1890.63
1737.36
2154.03
1190.49
2024.16
1704.77
1632.42
1659.55
972.4
1354.55
2158.47
961.94
2081.05
2228.87
1690.78
1870.51
1766.56
2742.47
2283.54
1794.65
2350.37
461.82
1243.13
1467.01
1819.46
1998.57
842.27
1424.42
1353.88
1904.54
2470.43
1553.55
2491.55
2249.69
1688.28
1955.04
2527.57
1932.66
1771.99
1618.65
1461.92
2714.47
1579.82
1622.13
2097.96
2359.07
1555.34
1017.05
1961.43
2225.48
1483.49
1621.36
2017.29
2019.47
1715.6
1366.65
1014.15
2368.14
2395.24
2155.05
1797.4
2706.39
1887.45
2559.13
873.73
1746.48
1203.82
1636.16
1929.92
1567.72
1348.66
1561.63
950.97
2412.12
1346.46
1389.68
2243.26
1340.67
1696.35
1721.92
1346.09
1924.08
2025.95
1507.05
1791.41
1342.86
946.57
1736.45
791.35
2703.39
1856.14
1252.79
2143.11
435.28
1733.89
1522.51
1497.49
1900.91
2611.77
1384.3
1328.69
1639.5
2394.86
2287.93
1802.55
2274.6
1446.97
2639.48
2159.21
1817.11
2060.82
1919.5
1026.68
1759.58
1329.19
1263.9
2788.73
2250.63
2435.0
2050.71
1779.72
1222.3
1296.35
2481.76
2151.2
2236.32
752.63
1338.16
2373.44
1229.59
2039.85
1843.49
2388.81
382.95
2017.53
2829.58
2498.22
1102.35
1893.21
2010.66
2425.9
2525.2
2444.59
2056.26
1896.43
796.98
1952.41
1402.91
1417.76
1890.19
300.85
2310.34
967.54
1028.78
2073.47
1359.26
2302.97
1807.35
2358.23
2567.83
1151.51
2522.95
1765.02
2462.77
1009.37
1097.65
2161.14
2176.07
2043.84
1007.89
2396.2
2521.14
1090.16
1280.73
1162.84
2210.53
2672.65
2112.79
2517.8
2288.89
1632.69
851.8
1108.89
1857.16
2743.58
2152.58
2122.43
1210.32
2097.22
1589.09
2602.59
1329.04
1279.91
2318.47
2473.14
1039.1
2212.53
1995.26
1725.32
1860.99
1352.76
1547.81
1548.99
2623.82
989.61
1685.23
2667.47
1929.84
916.78
1960.7
1699.29
1750.73
1980.33
2580.64
1444.28
1081.43
2223.94
1958.52
2234.42
1150.35
1620.65
1710.17
1704.96
1319.89
1557.84
2385.88
2091.8
1268.32
1864.28
1710.23
1490.25
1476.49
2578.9
2286.71
1722.3
2067.35
1848.02
2507.46
2079.22
2412.57
2560.36
1769.71
2164.74
1901.1
1761.78
1971.82
2505.66
2720.45
2012.76
2317.61
1994.66
916.26
2162.7
880.02
1783.67
2363.47
1900.73
1418.57
977.17
1316.14
1944.39
1632.01
2082.49
2454.32
2259.65
1554.04
2029.5
1008.3
1741.48
1756.02
1642.46
1583.24
1397.4
2229.73
2266.12
1968.63
864.83
1575.01
1428.73
1464.75
2041.71
2122.59
1665.05
1950.35
2156.93
1799.08
1592.06
1394.76
1593.9
1548.75
2394.41
1164.16
1260.88
1981.59
790.04
2438.73
1695.78
1716.79
1391.24
2308.6
1490.91
2711.14
2502.93
1264.24
2368.11
1226.52
1032.71
2008.79
1429.21
2183.46
2714.34
1694.78
1570.77
2141.02
451.78
2282.05
1455.16
2028.5
2295.02
1406.64
1593.11
2199.85
1178.11
1757.98
2242.8
952.11
1645.94
838.41
991.17
2097.78
1762.79
1744.97
2323.67
1756.29
1408.56
2201.01
2065.8
1746.98
2037.32
1564.06
1726.38
1053.53
2233.38
2413.71
1023.9
1088.5
1144.39
2239.68
2703.77
1322.43
2501.14
1923.78
1512.04
2444.79
1384.42
2542.62
1593.16
1424.56
1604.22
1353.85
1935.03
1251.08
1296.38
2421.89
1769.69
1753.85
1923.93
2534.49
1921.44
1767.7
1334.15
1370.38
1489.4
1791.07
1421.0
2507.68
1798.68
1423.55
1322.05
1181.47
2555.34
1782.72
1327.51
1639.23
2805.19
2790.19
1255.32
1820.24
2125.45
957.48
503.69
2196.87
1440.98
1306.92
1430.17
1312.56
2121.8
2359.73
1581.81
2423.88
2178.65
1401.04
1334.93
1686.8
1287.53
1351.73
2267.01
1274.07
1190.85
867.82
1874.02
2616.16
2534.56
1913.21
2475.26
1259.59
1962.53
2152.97
1279.37
1340.58
2029.17
1187.3
2074.15
2096.02
2334.11
1698.34
1388.56
1551.03
2156.13
1246.18
1319.75
1553.18
1642.77
1329.44
1568.06
1504.27
1854.9
1748.38
1463.95
1971.13
2579.17
1763.67
2260.11
347.81
514.1
2006.5
2027.04
1136.27
2277.34
1472.42
1979.51
887.99
2123.16
1321.66
2668.68
1059.85
1846.13
1440.23
881.64
2628.54
1270.61
779.61
1600.74
1889.82
1932.78
1249.84
2303.88
1457.08
675.13
2426.03
2540.91
1538.3
1951.94
1637.26
2646.03
1365.34
2163.73
1669.32
1394.64
1593.73
1485.34
1795.46
1609.41
1566.79
1693.11
825.3
1114.92
1526.02
1863.46
2033.16
2514.43
1991.56
928.32
1844.08
1341.13
1477.85
1818.85
1198.55
1461.94
2072.41
1506.24
1774.26
2162.58
1053.07
1342.07
2285.78
1486.76
2222.85
1387.49
1076.92
2258.63
1888.66
1975.96
2072.39
2361.97
1310.59
358.36
2560.81
1937.89
1966.26
1530.68
1916.86
1672.88
2632.53
1881.51
2536.87
1747.74
1994.37
981.6
2521.26
1788.95
1581.24
2101.71
2545.01
1850.49
1611.68
2479.59
2406.63
1120.51
1931.4
1330.34
1106.19
1252.99
2236.32
2540.8
1768.79
867.71
1843.55
1051.21
2074.5
2061.1
1408.79
1778.15
1964.96
1762.26
1274.91
2485.47
2071.49
1478.62
1216.79
2046.11
1906.25
1612.52
1237.41
1541.42
1517.16
2338.31
1237.25
2155.53
1711.06
2685.7
1884.08
1658.1
2628.24
1366.78
2362.97
1853.13
1448.71
2225.25
2141.98
2013.73
1097.03
2037.68
1354.98
1106.44
2542.21
1779.96
2438.74
1144.54
1705.55
1365.95
2618.06
1740.62
2768.05
1746.67
2038.98
2307.85
1178.23
1775.61
1071.83
1437.56
1445.98
1576.61
1071.03
2105.0
2171.11
1936.63
1414.89
1494.7
2055.79
2655.54
2096.34
922.01
1201.72
1355.09
1865.38
1457.7
1768.11
1809.84
1488.21
505.1
1988.66
2267.2
1437.55
1807.23
1101.03
2232.91
1816.93
1976.48
712.99
2777.61
1575.65
2099.22
1934.22
1441.6
2321.49
1587.22
1923.73
2438.45
383.8
1282.24
554.36
2160.78
1264.75
1160.71
2530.33
1859.3
1434.28
1608.39
1604.99
2488.41
2418.99
566.82
2212.11
1308.05
2830.29
1310.9
2219.4
2046.18
2490.37
1898.15
2026.83
1189.18
1637.38
965.58
2107.48
1967.1
1287.67
1373.24
1754.28
1506.17
2317.71
268.94
1974.41
1950.53
1878.41
1393.41
892.42
1708.96
1952.43
1649.82
1612.66
1269.46
1854.82
1563.39
1012.37
2159.96
1680.42
1673.9
1676.95
1461.41
2074.36
2494.9
1363.93
1509.65
918.16
2148.94
1291.13
909.11
1718.12
1526.54
2326.57
2199.31
1381.65
2199.37
1428.42
2480.1
1287.21
1662.95
1315.78
854.38
1739.25
1829.6
1858.04
2699.99
1578.26
1252.8
1414.58
2292.27
870.66
1983.95
1468.13
1476.2
2499.63
2726.6
1198.32
1360.81
1428.65
2237.43
2103.9
1315.01
1432.45
841.96
2447.7
2007.49
1875.9
1915.88
1596.72
2632.45
1959.6
1749.95
1418.2
1936.86
1759.79
1786.27
1274.12
1491.7
1759.77
1349.94
1973.14
1685.96
1206.83
1529.05
1327.15
1468.56
1427.01
2067.57
2518.3
2287.32
1281.13
2454.8
1462.73
1790.56
1495.42
1956.83
1853.07
1299.15
2062.43
1672.4
2035.62
1152.24
1461.09
2269.4
2174.19
2154.31
1992.13
2596.15
2236.3
1941.23
2051.75
1723.4
1773.76
2208.8
1812.16
1590.48
1576.2
1905.11
1701.45
1161.58
1419.0
2229.44
1279.22
2285.54
2338.0
2656.5
1850.35
1312.47
1668.02
2795.88
430.92
1567.92
1331.84
2212.89
1720.84
1384.62
1858.78
1320.81
930.65
1281.82
1914.54
2702.25
1855.41
2646.11
2097.91
2270.64
2265.54
2106.76
1336.29
2252.42
857.39
1421.58
1644.34
1607.99
1207.76
2190.93
1573.5
1673.8
1724.32
2027.93
1521.24
1809.98
2150.83
1233.07
1757.77
2469.86
2080.23
1176.25
1192.12
1901.26
1349.38
1761.05
966.46
1208.69
1727.12
2315.11
1251.88
1169.01
1112.94
2329.13
1422.68
1333.12
1302.02
2286.06
1608.18
2141.49
2325.05
1588.74
1353.29
766.97
2126.33
1495.74
953.99
1992.53
2758.42
1384.4
2734.98
1781.18
1992.8
1646.75
1431.29
1505.17
1255.88
1756.89
2149.45
1127.29
1501.05
2679.37
1765.79
1358.9
2082.06
1918.66
2609.15
1688.77
1306.82
1571.42
1935.8
1663.45
1501.94
1795.86
1081.95
575.99
2534.52
2030.82
1074.77
1309.15
1568.77
1162.43
2051.73
1851.0
1314.07
1840.53
2231.34
1851.44
1750.01
1988.31
1635.84
1422.57
2290.82
2379.13
2213.16
1944.86
2030.86
1723.6
2259.02
1658.93
2113.04
1545.39
1449.64
2241.16
1960.09
1495.25
2050.52
1116.66
1803.63
1333.34
1629.09
1440.93
2518.36
1835.16
1576.68
2048.25
1540.14
1635.38
1110.01
1513.71
1532.88
1530.33
1822.8
1368.12
1476.07
1654.09
1057.54
1418.48
1700.8
1781.29
2199.97
1600.44
1821.15
1015.76
2367.93
832.36
1713.68
1252.18
1462.81
2039.14
1977.88
2403.22
1418.68
2238.15
1111.83
1311.18
2646.16
1750.88
1381.22
1762.89
1717.25
1366.46
2465.81
2072.7
1348.57
1971.37
2790.29
2523.3
1823.9
1882.11
1315.97
1916.64
1214.18
1507.13
1622.84
1168.55
685.36
2586.4
2208.23
981.86
1532.34
2160.26
1328.78
2133.61
2455.19
1282.19
1107.33
1932.77
1726.28
979.88
736.51
774.12
1973.48
2292.44
1652.03
2248.45
1233.29
2345.9
1765.65
1561.92
2101.88
2650.78
1902.2
1738.29
1932.93
1279.72
1170.53
1705.4
1926.29
2106.79
2348.84
1270.64
2193.82
2324.05
2066.48
2607.21
2236.91
1865.71
1523.65
2610.36
2406.26
1390.47
1389.18
819.74
2254.41
1515.91
2055.98
2495.29
2007.12
1606.27
1523.99
1821.73
1708.66
1175.9
1433.35
1930.87
1027.67
2053.13
1376.53
1963.51
1510.3
1208.8
1143.09
1821.36
2148.4
1631.89
2026.34
1544.97
2199.96
1807.84
1725.03
1419.97
2469.61
1595.27
2670.37
2214.41
2170.48
796.32
929.66
2596.09
1527.67
1176.24
1983.69
1876.63
2017.65
2357.12
1729.13
2176.97
2060.39
2004.07
2473.77
2084.14
2056.1
1630.62
1558.69
1663.1
1374.66
1371.19
1672.78
1437.7
1319.23
1656.61
1963.28
1350.65
2335.41
2327.05
906.9
1070.71
2160.64
1523.89
1568.9
1910.41
1853.18
1216.28
1084.66
2211.93
1311.18
1308.57
2247.21
1529.31
2256.34
1683.9
2377.52
1621.23
1468.2
2052.77
2396.16
2254.6
1613.14
763.59
1316.01
2232.03
1008.65
1306.41
2147.7
1332.35
2356.31
1953.94
1891.99
2620.93
2205.58
1762.7
1618.18
2059.89
1445.59
1023.95
1015.5
1221.0
2359.32
2264.67
1012.77
1825.72
1584.41
2137.96
1777.84
2569.0
2699.79
2098.4
1483.43
2628.23
1150.11
1112.18
738.99
1927.24
1613.63
1290.28
1674.39
1754.81
2474.2
2087.11
2372.62
1625.35
1449.78
1748.93
1792.87
2352.49
2540.36
1451.18
1415.14
1873.62
2166.67
1617.04
1798.41
1604.82
2169.05
1744.98
1587.55
2044.74
663.3
1821.8
2064.53
1711.61
1514.31
1206.29
1722.91
2006.56
1607.38
834.34
1866.42
1442.34
2254.51
1406.74
2247.93
1245.58
1930.49
2584.66
2350.64
1666.71
2321.2
1700.64
1827.54
816.45
1341.25
2660.2
1198.74
1957.86
1539.6
1950.28
383.72
1918.44
1663.47
1507.75
2740.43
2534.11
655.83
1921.02
515.81
2090.24
1490.66
2235.92
1434.29
2371.52
2363.18
648.14
402.61
1385.4
1566.55
1664.41
1925.73
1261.25
1829.93
1256.14
2081.18
1606.66
1503.86
1059.31
1166.76
2138.61
2234.52
1195.5
1823.46
1749.89
1916.2
887.72
1322.38
1924.31
1605.14
1465.14
1674.07
1347.02
1822.42
993.6
1652.46
1907.75
2171.93
2016.91
2007.28
1654.78
1129.87
2458.85
916.63
1693.82
1763.6
1978.2
1381.08
1410.45
1791.11
1648.07
1634.7
1637.5
2492.55
2571.53
2427.56
1133.97
2139.67
1314.0
1694.29
2530.82
1849.55
1900.99
1068.35
1535.35
1854.13
1980.61
1651.59
2231.91
2224.75
910.84
2017.67
2104.43
2538.67
1121.6
1266.26
1251.12
1537.01
2639.27
1348.69
2495.9
1628.71
1285.67
946.35
1885.82
1408.89
1967.43
702.65
1167.13
1634.67
1571.56
2011.52
2530.74
1455.47
1796.92
1080.36
896.64
1991.24
1625.86
1179.01
1562.21
2556.52
1396.06
1656.25
1709.75
1300.36
1556.57
1648.09
1986.25
1664.06
1600.64
744.56
679.1
2186.62
1323.36
1217.72
1288.23
1819.3
1279.37
1386.37
2266.86
932.15
1685.34
1684.67
1736.12
1706.94
1457.78
1941.59
1934.94
2023.15
1417.29
2782.29
1659.53
1846.34
2696.26
1292.93
2310.16
1757.91
2096.44
1398.54
1409.05
1783.05
1381.11
2473.77
2530.92
2331.36
2100.6
2023.53
2089.1
2120.97
1871.57
2018.1
1604.38
1127.04
1916.3
2876.32
2339.07
2399.32
1364.91
1154.31
1422.07
1768.66
2262.82
2463.45
681.77
1680.13
854.3
1688.25
2360.04
1573.26
2010.56
1685.52
1232.64
1947.68
1581.86
1931.44
1548.07
1513.31
2708.26
1864.7
785.93
1306.37
1830.71
1244.44
1967.66
1648.37
1736.24
1815.68
789.46
868.82
2630.62
1480.15
2010.85
2484.93
2118.17
2037.36
2289.72
1533.79
1288.9
1779.57
1693.55
1684.88
936.71
2357.6
2179.92
1449.32
653.54
1372.95
1559.23
1857.9
1868.23
2036.3
1215.23
862.69
1311.98
1243.26
2254.68
1546.67
1089.79
2431.26
2000.74
2408.47
1379.05
1117.97
851.22
1767.8
2113.24
2526.88
584.77
2405.19
2158.52
2287.91
1771.1
2156.86
1615.28
698.52
2302.91
2139.61
1829.27
1656.01
1141.36
1576.83
1702.09
975.94
2477.58
1580.45
1521.94
1572.86
1611.87
1092.26
1788.98
2878.03
2095.31
847.74
1747.61
1257.71
2015.39
1679.42
1559.76
1912.78
1775.79
1780.45
2542.57
1845.26
1749.17
1978.49
2591.3
1529.83
1899.41
1900.61
1512.27
1286.85
1934.44
1118.87
1769.7
916.71
1922.5
1641.85
1401.6
1558.13
943.21
1709.95
2602.11
1082.56
2604.16
1896.1
1924.74
1524.89
1786.9
2643.91
1777.5
1785.27
1402.79
1686.65
1009.46
2208.89
1667.33
2522.99
2257.08
2253.28
1236.23
1493.69
2081.22
2385.79
1382.2
1787.33
1740.49
810.02
2295.65
1978.14
2356.14
1840.65
2201.25
1587.0
2224.22
497.39
1430.35
1134.64
1401.47
1165.23
2414.64
1657.99
1580.59
1732.04
2003.3
1322.0
153.07
1196.6
1949.01
2378.48
2579.15
2365.56
1952.55
2016.81
1150.87
1756.27
1318.84
2019.77
1910.73
1058.34
1386.57
1976.94
1908.47
934.91
1499.36
2267.78
1874.67
1888.16
2288.52
2122.22
2572.99
2254.37
1628.64
2457.33
1481.87
1488.81
937.75
1418.02
756.15
2310.9
2190.9
2211.22
1513.99
1872.44
1282.1
1265.15
860.36
2329.41
2326.03
1795.91
2380.79
1924.98
1409.64
1994.18
1484.16
1725.25
1094.76
2134.5
1349.36
1639.84
1150.04
2078.82
2373.6
1788.71
2026.51
1234.82
2449.82
1412.39
1354.78
2063.77
1664.21
1728.34
1779.14
1819.12
1308.74
1441.8
2670.55
2137.07
1069.2
2148.71
1439.75
2367.05
1069.93
2290.36
2191.09
868.65
1432.51
1602.65
321.75
1598.55
2089.39
1528.33
2143.89
1618.55
1527.32
2319.0
2453.05
954.54
2083.35
991.88
1980.74
1489.27
1621.11
2540.4
2363.2
1909.6
1595.75
1478.32
2573.82
1744.86
2353.82
1764.66
1987.66
1336.19
2195.77
537.05
1120.93
1270.7
1170.17
2602.9
806.6
1794.83
2464.81
1729.71
1832.52
523.11
1333.3
1424.9
1291.65
1196.01
991.6
1709.69
2070.04
2742.86
1806.35
2417.22
1130.28
1778.49
2185.86
2086.11
1919.09
2496.1
1174.84
1592.95
1456.29
1309.38
2866.24
1899.53
1993.82
1666.38
1934.1
1305.19
1403.99
1193.02
2323.51
1790.59
2007.34
1673.86
2393.03
2556.93
1851.06
491.08
2003.14
2289.33
1662.04
1200.42
1973.11
1587.53
1526.63
1160.38
2684.27
1738.21
1657.54
1965.51
2610.41
2168.36
1284.24
2142.4
1973.04
1548.28
656.11
1849.44
1985.85
1579.37
1800.23
2441.82
1196.33
677.82
947.78
2444.51
1279.42
